AAKTTGATACTTMTAAC	0.10942647988403272
AKTTGATACTTMTAACC	0.09666461082137019
ASTGARGCTTTCGAGWA	0.5700967446059614
ATTTAAACGRGTRCGGG	-1.0809882535498412
CGCGMACMCTTGATGCA	0.024440482675374086
CWCARGATGGTAATGCT	1.0925960914427084
GGWAAAGTTAARCCACC	0.4491102550127883
GGYGGTTGGGACAAYAT	-0.7888634020292643
GSTRWTTATAATTATAA	0.10738254519371314
GTRATGGHGGTAGTTTG	0.08370625389065926
GYGGTTGGGACAAYATG	-0.7481362772485228
KTRATGTTGTTARACAA	0.551719306888886
STRWTTATAATTATAAA	0.08238533265745464
TRATGGHGGTAGTTTGT	0.08572577759323778
WTGTTTTGGAAYTGYAA	-0.5283880852162863
